       0       5      87      42      16       2      81      20      34      61      76       5       5       8      77

       5       0      73      28      59      19      92      42      51       6      16      59      98      84      29

      87      73       0      99      34      93      73      63      49      49      80       2      20       3      13

      42      28      99       0      27       8      18      32      93      69      27      61      39      63      25

      16      59      34      27       0      23      66      68      71      25      29      89      34      48      51

       2      19      93       8      23       0      69      77      42      13      80      90      57      32      21

      81      92      73      18      66      69       0      91      25      84      79      97      35      95      93

      20      42      63      32      68      77      91       0      65      86      32      85      42      81      30

      34      51      49      93      71      42      25      65       0      74      92      51       3      57      50

      61       6      49      69      25      13      84      86      74       0      58      48      69      81      67

      76      16      80      27      29      80      79      32      92      58       0       2      98      77      48

       5      59       2      61      89      90      97      85      51      48       2       0      60      79      78

       5      98      20      39      34      57      35      42       3      69      98      60       0      89      23

       8      84       3      63      48      32      95      81      57      81      77      79      89       0      32

      77      29      13      25      51      21      93      30      50      67      48      78      23      32       0