      0      34       5      33       9      21      27      59      35      43

      34       0      74      31      54      45       3      92       1      85

       5      74       0      63      59      42      60      76      97      63

      33      31      63       0      25      78      13      81      13      49

       9      54      59      25       0       9      67      43      71      46

      21      45      42      78       9       0      95      56      96      12

      27       3      60      13      67      95       0      52      30      19

      59      92      76      81      43      56      52       0      95      63

      35       1      97      13      71      96      30      95       0      42

      43      85      63      49      46      12      19      63      42       0
